XGBoost Classification Report
============================================================
              precision    recall  f1-score   support

           A     0.9873    0.9873    0.9873       158
           B     0.9146    0.9804    0.9464       153
           C     0.9728    0.9728    0.9728       147
           D     0.9571    0.9689    0.9630       161
           E     0.9554    0.9740    0.9646       154
           F     0.9610    0.9548    0.9579       155
           G     0.9557    0.9742    0.9649       155
           H     0.9456    0.9456    0.9456       147
           I     0.9653    0.9205    0.9424       151
           J     0.9536    0.9664    0.9600       149
           K     0.9724    0.9527    0.9625       148
           L     0.9933    0.9737    0.9834       152
           M     0.9873    0.9810    0.9841       158
           N     0.9675    0.9490    0.9582       157
           O     0.9733    0.9733    0.9733       150
           P     0.9873    0.9689    0.9781       161
           Q     0.9748    0.9873    0.9810       157
           R     0.9595    0.9404    0.9498       151
           S     0.9797    0.9667    0.9732       150
           T     1.0000    0.9748    0.9873       159
           U     0.9939    0.9939    0.9939       163
           V     0.9867    0.9673    0.9769       153
           W     0.9801    0.9867    0.9834       150
           X     0.9748    0.9873    0.9810       157
           Y     0.9571    0.9936    0.9750       157
           Z     0.9865    0.9932    0.9898       147

    accuracy                         0.9708      4000
   macro avg     0.9709    0.9706    0.9706      4000
weighted avg     0.9710    0.9708    0.9708      4000
