KNN Classification Report
============================================================
最佳参数: {'n_neighbors': 5, 'p': 1, 'weights': 'distance'}

              precision    recall  f1-score   support

           A     0.9936    0.9873    0.9905       158
           B     0.9412    0.9412    0.9412       153
           C     0.9524    0.9524    0.9524       147
           D     0.9086    0.9876    0.9464       161
           E     0.9236    0.9416    0.9325       154
           F     0.9589    0.9032    0.9302       155
           G     0.9536    0.9290    0.9412       155
           H     0.8707    0.8707    0.8707       147
           I     0.9658    0.9338    0.9495       151
           J     0.9351    0.9664    0.9505       149
           K     0.9189    0.9189    0.9189       148
           L     0.9933    0.9803    0.9868       152
           M     0.9934    0.9557    0.9742       158
           N     0.9603    0.9236    0.9416       157
           O     0.9404    0.9467    0.9435       150
           P     0.9686    0.9565    0.9625       161
           Q     0.9625    0.9809    0.9716       157
           R     0.9527    0.9338    0.9431       151
           S     0.9799    0.9733    0.9766       150
           T     0.9625    0.9686    0.9655       159
           U     0.9876    0.9755    0.9815       163
           V     0.9610    0.9673    0.9642       153
           W     0.9801    0.9867    0.9834       150
           X     0.9455    0.9936    0.9689       157
           Y     0.9688    0.9873    0.9779       157
           Z     0.9797    0.9864    0.9831       147

    accuracy                         0.9560      4000
   macro avg     0.9561    0.9557    0.9557      4000
weighted avg     0.9563    0.9560    0.9560      4000
